10
10 22 23 15 24 9 43 25 58 64 68 38 82 62 95 16 109 59 118 9 123
20 2 7 10 17 2 33 13 37 21 47 33 54 11 59 16 70 54 71 39 73 59 76 19 80 26 81 84 92 39 102 24 114 84 118 40 122 72 123 28 135
30 18 20 3 40 39 55 4 67 28 86 3 95 91 104 81 115 59 122 43 130 118 136 97 152 95 172 154 189 17 198 27 212 122 231 60 234 48 235 44 251 114 269 210 289 266 308 181 314 104 329 67 347 349 367 258 373 54 383 34 390
40 6 9 5 12 13 27 16 45 4 48 10 68 33 81 52 83 19 86 16 95 47 107 49 108 34 112 53 121 95 140 71 150 82 152 134 166 16 172 180 190 62 208 64 211 117 228 73 244 195 252 119 265 121 284 44 301 2 303 217 308 74 315 72 335 341 342 173 345 140 358 113 364 130 384 22 398 340 412 341 422
50 6 7 17 24 18 39 28 49 48 54 30 60 28 69 24 89 18 104 57 122 94 126 123 139 119 153 2 168 75 187 159 207 40 212 12 213 38 217 161 224 43 231 79 236 50 246 37 247 91 265 1 269 279 283 122 293 203 298 102 314 276 334 259 344 170 361 19 378 348 382 293 391 11 410 52 419 123 432 292 452 37 468 87 472 287 491 391 501 154 516 517 528 232 534 182 537 146 539 187 553
60 2 21 15 29 7 46 7 64 33 79 18 96 18 105 64 111 83 123 106 124 70 130 69 134 101 146 102 162 72 175 150 182 179 185 136 197 70 210 27 223 151 230 123 233 45 234 1 249 149 266 217 277 289 293 215 296 144 316 251 317 9 321 281 325 22 327 199 340 295 359 325 372 137 390 274 398 196 402 360 404 123 405 236 412 405 419 264 436 80 447 328 465 171 469 335 486 371 502 55 508 2 515 189 517 7 536 268 550 115 553 270 572 572 588 171 598 516 599 343 605
70 2 8 9 11 18 28 16 31 21 42 27 54 27 63 3 64 50 71 41 85 99 105 61 123 52 142 6 150 96 162 136 169 101 173 55 192 58 203 101 216 140 219 62 230 98 240 124 256 103 258 57 265 158 285 258 297 244 307 55 324 65 327 313 334 152 351 216 366 163 381 221 397 60 414 81 433 356 445 323 454 306 461 157 480 433 499 216 511 142 515 41 527 65 528 510 534 284 541 168 560 273 571 177 581 271 589 525 608 347 628 62 648 487 658 614 662 588 664 104 670 600 672 56 687 384 695 581 707 463 720 683 735 225 747 664 764 356 765 1 777
80 9 11 22 30 35 50 17 61 55 76 3 91 81 94 52 102 60 105 66 119 101 139 137 153 86 160 148 180 179 196 90 210 114 216 68 220 122 225 62 237 209 252 30 254 269 270 91 282 22 299 157 302 163 305 28 318 323 324 64 344 310 356 134 361 202 370 44 384 230 400 375 410 314 425 66 432 437 440 72 454 277 474 460 489 275 504 61 508 226 526 442 529 74 531 530 544 288 549 122 551 229 568 297 571 471 588 221 602 588 618 378 622 146 633 505 636 493 655 645 674 371 678 397 686 355 687 103 704 370 711 84 718 501 727 529 740 694 743 601 755 242 763 214 771 40 777 338 783 391 787 667 792 158 806 242 826 390 843 803 861
90 1 21 30 38 56 58 33 63 60 66 20 86 53 96 61 99 107 116 74 124 79 133 64 153 37 159 71 163 158 182 106 198 191 216 86 236 194 237 249 256 104 271 92 277 84 294 211 303 210 311 89 312 276 331 303 337 84 347 39 348 238 359 156 374 360 376 44 384 372 397 194 411 229 428 112 447 443 458 293 464 256 471 207 481 296 491 122 507 313 527 78 529 100 549 151 555 144 560 521 562 526 569 144 584 79 587 429 596 176 616 530 633 202 639 415 653 581 666 473 671 462 686 353 690 255 697 341 699 283 700 211 709 444 729 1 735 407 755 723 761 559 774 347 777 748 794 28 807 571 815 253 822 626 824 439 826 309 829 731 848 251 864 808 878 698 889 88 908 684 927 239 929 946 947 300 959 887 975 476 995
100 10 25 19 37 5 44 63 64 42 77 20 78 64 90 52 101 82 102 9 108 19 118 7 137 29 143 137 163 112 182 79 192 129 201 44 206 40 219 7 233 164 234 148 238 11 249 164 267 270 284 148 286 106 306 16 313 210 315 202 321 326 327 217 342 12 360 166 370 231 389 67 409 401 419 272 430 106 446 352 465 315 477 80 482 468 486 87 504 160 505 204 524 227 537 420 552 382 572 35 583 83 594 111 597 262 613 66 620 617 638 135 646 430 648 584 649 183 669 598 675 144 683 282 690 141 694 138 701 420 715 222 734 515 746 214 756 114 764 408 784 657 799 441 818 143 832 394 850 229 865 531 878 590 896 516 906 827 913 723 915 370 928 703 947 813 961 204 963 63 968 692 986 639 1004 411 1011 653 1031 742 1037 828 1038 483 1056 526 1064 869 1080 251 1099 61 1103 604 1119 748 1138 174 1143 207 1152